1 -0.0102089 -0.00204179
2 -0.0294768 -0.00589537
3 -0.0351152 -0.00705815
4 -0.0283994 -0.00571499
5 -0.0280506 -0.00564523
6 -0.0280506 -0.00564523
7 -0.0280506 -0.00567328
8 -0.0280506 -0.00567328
9 -0.0278854 -0.00564024
10 -0.0222446 -0.00455658
11 -0.0259986 -0.00533338
12 -0.0251596 -0.00519073
13 -0.0164069 -0.0034566
14 -0.0278626 -0.00574774
15 0.195169 0.0390538
16 0.273405 0.0549743
17 0.249587 0.0502107
18 0.167557 0.0339724
19 0.0936171 0.0192779
20 -0.0036634 -0.000178153
21 -0.109528 -0.0214606
22 -0.193273 -0.0384028
23 -0.259411 -0.0516305
24 -0.30214 -0.0604785
25 -0.32139 -0.0646497
26 -0.32128 -0.0646279
27 -0.307989 -0.0622775
28 -0.285769 -0.0581194
29 -0.258701 -0.0527057
30 -0.228055 -0.0468046
31 -0.200923 -0.0413782
32 -0.174302 -0.0362284
33 -0.154843 -0.0324915
34 -0.143514 -0.0302256
35 -0.209904 -0.0437135
36 -0.353197 -0.0727253
37 -0.445347 -0.0911552
38 -0.445466 -0.0916245
39 -0.387635 -0.080446
40 -0.337838 -0.0704865
41 -0.259391 -0.0550566
42 -0.167533 -0.0368524
43 -0.0910173 -0.0215493
44 -0.0260487 -0.00858167
45 0.0200749 0.000663124
46 -0.0847581 -0.0203035
47 -0.01276 -0.00591663
48 0.0493811 0.00656099
49 0.083343 0.0134367
50 0.123945 0.0216811
51 0.148604 0.0267615
52 0.164323 0.0299052
53 0.115879 0.0203323
54 0.115188 0.020194
55 0.114492 0.020055
56 0.113923 0.0199411
57 0.113609 0.0199919
58 0.113619 0.019994
59 0.113619 0.0199939
60 0.113622 0.0201082
61 0.113532 0.0200903
62 0.0645537 0.0104236
63 0.0275937 0.0030592
64 -0.000712898 -0.00260212
65 -0.0186961 -0.00621745
66 -0.0262112 -0.00774669
67 -0.0270658 -0.0079176
68 -0.00734364 -0.00398052
69 -0.0113623 -0.00478426
70 -0.0115194 -0.0048272
71 -0.0172202 -0.00598456
72 -0.00861152 -0.00426283
73 -0.00986727 -0.00452385
74 -0.159984 -0.0347071
75 -0.154928 -0.033696
76 -0.136008 -0.0300481
77 -0.196958 -0.042435
78 -0.204643 -0.043972
79 -0.123506 -0.0278681
80 -0.107092 -0.0246924
81 -0.121054 -0.0274847
82 0.0356795 0.00389765
83 0.200654 0.0370932
84 0.285579 0.0540781
85 0.0374372 0.00448728
86 0.167091 0.0305852
87 0.233226 0.043812
88 0.242544 0.0459183
89 0.215646 0.0407544
90 0.218243 0.0412736
91 0.144571 0.0266839
92 0.0747851 0.0128015
93 0.0177204 0.00138854
94 0.137419 0.0254656
