1 -2.07183e-07 4.14764e-08 0
2 -1.16976e-07 2.56264e-08 0
3 -2.87154e-08 5.89981e-09 0
4 -3.02322e-07 6.06212e-08 0
5 -1.49875e-08 2.89465e-09 0
6 -8.54122e-08 1.72541e-08 0
7 -7.76872e-08 1.57092e-08 0
8 1.12384 0 0.248369
9 1.91131 0 0.406321
10 1.69185 0 0.356369
11 0.995341 0 0.205707
12 0.84061 0 0.158576
13 1.00087 0 0.208764
14 1.12182 0 0.232843
15 1.09044 0 0.22945
16 1.02656 0 0.214004
17 1.01264 0 0.213126
18 1.02991 0 0.217675
19 1.04735 0 0.222839
20 1.04759 0 0.222191
21 1.02764 0 0.218836
22 1.02786 0 0.219907
23 1.02552 0 0.220816
24 1.03305 0 0.222365
25 1.02506 0 0.221783
26 1.00774 0 0.21883
27 1.00512 0 0.218811
28 1.00395 0 0.219506
29 2.99272 0 0.660082
30 2.99498 0 0.62078
31 2.96869 0 0.61801
32 2.96868 0 0.620932
33 2.99273 0 0.626268
34 2.99418 0 0.630063
35 2.99251 0 0.632206
36 2.974 0 0.628509
37 2.99174 0 0.635033
38 2.9875 0 0.637457
39 2.98642 0 0.636971
40 2.99212 0 0.641197
41 2.98662 0 0.642994
42 2.98502 0 0.645514
43 2.99298 0 0.647248
44 2.9927 0 0.650338
